458603 897366 852040 263092 245860 995993 599213 767736 355509 500747 489598 245180 505732 671924 151079 981615 342508 636481 596428 610798 
599299 458150 251594 834593 396241 350218 567124 202614 680139 991646 676192 179564 268164 198866 363814 583223 614538 493207 394955 771073 
845624 549609 613483 704138 831641 111837 713490 323453 832729 770036 317707 392279 834797 985883 199684 590990 159950 846335 474115 640774 
624087 200014 360533 409180 903925 415323 568282 488983 772605 168935 827502 115533 624926 330777 137618 186050 919844 653802 840756 486982 
234591 905869 902755 882814 349783 951368 402320 575478 137743 412136 500924 796571 545805 220811 418430 160219 169635 127087 543369 204612 
201196 155383 908905 934144 946615 610689 337237 335966 541891 546603 680361 759014 972142 282271 634368 469537 113993 298607 255803 619045 
862971 511059 176664 460677 578178 667993 501328 150525 870694 854778 702324 247923 632541 219380 696770 634068 546992 657683 895100 236608 
748133 800972 121574 806318 659324 444860 574839 505014 774971 309425 949736 102083 940728 388622 143376 470705 890321 865675 509817 320294 
741107 762980 597286 622505 130848 996519 802004 490363 147623 380824 267353 526688 930326 973080 214928 245466 798611 279229 838885 962179 
828411 845210 310834 276233 687856 835658 578329 493704 104433 109598 648274 101384 414534 422034 661249 604427 639813 243655 910280 320812 
910432 356571 755402 473939 629518 194924 712439 142863 312571 568563 997004 392266 704780 542906 978215 399818 248726 910408 515142 278649 
774578 276713 456864 656867 638858 515304 210131 313630 947725 499848 446559 584520 633475 509342 693088 203411 561383 172143 100684 641171 
317037 420347 809997 736339 881969 354550 777065 832597 285544 312651 311584 801230 602260 312516 786881 756023 765106 993498 466786 927007 
296662 851705 316354 998010 834336 578143 909978 236227 952953 520542 314750 273355 483142 112744 805630 395012 297541 662528 523937 892275 
544135 679594 811387 210340 239826 928623 889420 521579 671415 730433 587433 689183 324550 251401 621349 132070 259124 525805 291050 155708 
875091 948377 466272 522105 592149 193363 177782 582436 867720 757680 368642 572485 830319 763482 482067 810506 645349 748146 894844 792054 
963496 445249 768826 578857 236341 663954 967584 481369 436690 139646 770276 416944 948608 446977 534397 624168 349139 791452 597619 188490 
145065 280965 912827 319204 498854 485810 472294 629760 546177 362374 910786 745656 652828 238405 767676 248358 829731 183912 123834 901428 
647876 470009 885141 714294 786234 354765 617019 517103 246515 595390 424791 858187 818125 135852 535714 437032 632648 858890 294249 911576 
252487 859705 545788 513276 442461 789763 846413 115399 454870 875529 908003 451036 913122 236780 656232 270417 632968 192539 644491 453345 