516625 562747
506113 651812
21982 54788
276279 283501
468186 700504
130654 532973
19647 506380
766301 693813
276020 395602
403156 940452
396717 757276
99377 376900
110576 555702
684583 876014
257406 696536
827374 111357
918520 115540
482128 349497
573219 582195
915294 1424
397766 73542
795972 202497
718690 751779
439940 734236
906117 161360
676344 785313
998916 796202
509480 175872
684018 193750
259653 942319
595937 64556
704259 180840
404489 711851
170981 51573
164267 392707
407556 144646
483144 229729
885771 129396
145424 710967
131443 966296
351917 677557
314623 45907
821570 990391
957183 121543
988290 670427
545740 412801
915096 50087
961303 33308
832888 454888
354117 514170
574709 605834
389329 414559
401159 104588
251454 510620
286454 115077
327674 864062
386212 120746
577559 324688
415602 681645
663304 19428
419059 338233
678829 194148
46195 17788
153616 505221
127375 761499
243554 378948
827542 692264
650092 539310
3890 704835
126179 398371
485618 90161
251542 49733
701682 193714
150194 495379
604329 264353
4039 977397
631371 121493
123720 612677
813139 88983
749992 306307
804881 735457
638939 95544
857990 370398
310502 830738
296522 925940
156243 990779
359867 660573
134277 317676
329995 281576
3408 221207
334796 327815
23781 477175
929353 866701
982118 189077
146347 961988
522453 409889
665000 771783
559300 524670
410561 808752
48537 908231
740263 266022
760630 148283
280321 223958
337619 865303
619868 965109
591815 196001
222858 413654
151068 421619
989771 789285
467771 385077
391344 378453
712946 230290
902240 91976
9484 81429
681536 728765
670507 452773
526766 101141
650395 646997
13381 519889
648452 121807
822045 730704
472837 713625
117715 293980
608507 842252
803490 96072
33740 455039
362514 594991
589075 959302
462329 591617
61035 939888
269048 592959
911228 272083
820939 483756
993800 685832
205301 872402
58586 498926
739327 543853
532334 857768
688353 458164
575744 33189
859989 381704
462665 975837
580096 184685
129029 406916
877835 140444
104610 707775
800688 357062
544165 527209
308085 965551
531787 203834
453952 425916
442129 957639
677642 947206
167303 400325
602808 223956
54140 282802
491090 634068
374952 828939
52722 810321
750933 204838
298507 670682
370937 76071
598544 175717
802226 136815
14517 880289
706446 387543
818868 849762
231393 294672
675710 621660
248156 262587
851017 64123
820092 410211
294764 663953
969961 348603
912047 932260
894842 729596
137381 187026
521060 582039
754161 852956
774382 172576
33940 986824
957444 822520
281729 84257
565991 67045
194676 272280
888339 982276
82493 796146
365763 345908
917449 635476
808780 615666
322665 687064
481111 413557
178434 869694
457273 671149
722184 986365
521385 870777
799314 369010
126087 590273
39361 992685
11565 677054
327056 43723
820491 766347
164811 93114
142762 398443
244135 493287
996680 52685
620564 252209
856367 426052
145509 300061
183067 167678
364019 559835
765695 409088
58104 709485
170022 163333
409039 457929
623956 54818
979247 300509
503679 245732
512975 649082
114103 272787
152396 248224
522704 747309
262371 881565
422594 244997
400555 412824
940371 672642
300320 20520
850867 703
226282 846497
414265 942427
101067 484799
654046 857391
98497 357191
111242 119806
519702 315862
713101 627423
227349 789461
209755 251984
72648 255015
911121 750256
492748 144289
897051 558775
160043 521459
100304 229469
863085 747529
260351 857914
415565 810491
92164 263730
328328 59200
518498 941963
19292 707388
292244 122739
402830 155387
561429 634111
219296 762278
42474 110226
377906 710735
534270 281467
920635 121677
300036 588202
559929 626068
275558 271503
341350 885217
902045 806565
95754 125586
960282 134525
649705 144840
325917 49016
585511 693942
282781 141439
620281 703005
373104 279117
318873 47880
844039 171876
380935 531609
227710 946438
236908 176352
808230 652966
58653 198981
863633 96307
750397 12530
773347 249222
479408 491464
863148 426174
324131 890094
644549 648679
361306 453454
536305 234377
711818 13013
439540 72056
993864 935064
730428 355352
21218 691535
328755 700383
697437 181393
386391 715487
16289 592839
260390 163475
301294 771221
274784 779669
815201 608461
268109 69791
338384 353912
305714 803206
899413 553396
227717 314505
619762 973004
829728 207293
481992 446481
955440 853094
904707 678383
867042 557277
908392 524759
483050 347935
989706 490675
670993 970816
298831 929318
829203 131184
350958 418809
764980 256100
855310 283601
367480 708080
938343 622614
935471 27876
665491 84791
722379 982855
449943 940528
736356 949391
513936 949353
826606 862986
327539 909787
791613 328146
427623 458144
988983 419827
719532 331284
973824 72007
813751 978232
673155 99275
223674 438278
820849 681580
870352 319476
515019 964574
470234 864499
816632 936240
112214 143218
293047 973873
482806 943955
880053 153256
55027 823197
723074 962568
488201 656916
581463 642479
490177 468982
565229 73722
429977 57818
565241 150933
496422 767417
715473 118623
422485 249151
104931 629180
893457 405273
141185 699234
339486 142202
383992 880553
48880 825534
8643 874937
575919 901559
697246 999701
612347 20704
602114 831764
901187 285615
555630 24760
306390 119049
272580 380890
582485 436925
357722 838459
195323 260508
35603 439943
422444 638903
584772 69965
466863 330677
837869 622719
326447 455301
699367 867964
722473 637876
481641 136887
369451 883295
13355 637352
157515 511815
617423 81963
240424 721544
969792 508878
219605 816952
985509 851481
769909 858234
793794 746723
7673 389265
624597 150009
76810 852971
772559 723938
57122 894289
141660 266585
113221 135849
750554 773022
340753 369951
894659 739708
831384 206934
218032 820912
17276 817761
298000 836077
385313 687445
748693 717184
154569 497654
601070 445426
344935 611043
380142 295726
928893 851705
775844 18822
715173 246511
670768 142844
274558 571742
501786 462074
116900 274206
537011 395330
67601 602850
440126 55280
963710 171608
948310 640556
823665 307166
288354 679254
427235 833773
569581 947913
7569 133475
287405 737041
237227 269467
688765 353540
373098 237486
993295 719062
918289 797406
912796 678226
711808 722496
980983 480102
967152 735389
303949 116347
529175 377403
689940 77499
113180 134082
345989 96118
541996 153827
279693 574454
949495 77255
204291 703546
689853 457588
274943 628777
895430 404139
601401 656470
550363 909671
522416 328175
763663 76194
292457 738588
16269 999016
426696 47677
871584 999857
335843 524330
954850 184675
715403 282782
365621 133222
657829 109702
313552 452502
33167 164203
945272 998092
696722 208561
715717 364628
117356 229679
811838 956233
935714 182062
758595 765585
598347 250145
389702 335516
653031 779276
874879 169954
480410 914413
924387 710276
964129 241678
953035 257807
252209 769565
929379 310903
127024 326457
475782 697950
619007 924378
866378 338256
793080 498232
712918 814063
26829 756862
75184 413998
389859 585018
393436 317549
159440 155205
693088 195928
804551 910290